0
0.752941
0.781818
0.78125
0.775862
0.784091
0.780488
0.764608
0.747093
0.74282
0.737089
0.724249
0.716135
0.708333
0.694517
0.692308
0.681193
0.678286
0.677176
0.671642
0.671341
0.669431
0.666667
0.664989
0.663948
0.664226
0.654665
0.650739
0.651734
0.64909
0.647541
0.645204
0.641566
0.638691
0.639095
0.639502
0.638148
0.63438
0.633697
0.633444
0.631713
0.628551
0.626266
0.621834
0.61847
0.616298
0.615484
0.615065
0.615336
0.617364
0.613609
0.612025
0.612485
0.61066
0.607642
0.607003
0.605878
0.604821
0.602615
0.600735
0.599122
0.597561
0.596491
0.591872
0.590236
0.588108
0.58758
0.585691
0.58341
0.582195
0.580572
0.578069
0.578601
0.57799
0.578295
0.577045
0.57714
0.576573
0.575962
0.57588
0.57504
0.573524
0.5721
0.57165
0.569892
0.568337
0.566573
0.566487
0.564004
0.56359
0.563522
0.563257
0.561794
0.561198
0.561893
0.560687
0.558873
0.557925
0.558824
0.558848
0.557768
0.555825
0.554949
0.55529
0.554312
0.55351
0.552177
0.551355
0.550645
0.549707
0.549321
0.548822
0.548435
0.548081
0.54764
0.54637
0.546233
0.545557
0.545978
0.545189
0.543656
0.544055
0.543695
0.542896
0.54283
0.542267
0.542472
0.541606
0.540981
0.539816
0.539501
0.538579
0.537934
0.537289
0.536518
0.535843
0.536248
0.535592
0.535306
0.535044
0.534263
0.533883
0.533017
0.531298
0.530294
0.529501
0.529126
0.528614
0.527642
0.526572
0.526849
0.526469
0.526714
0.52606
0.526403
0.525924
0.526179
0.525605
0.52536
0.524732
0.524194
0.524077
0.523995
0.523899
0.523418
0.523607
0.523677
0.522527
0.52238
0.521818
0.520595
0.520016
0.519679
0.519688
0.519835
0.519828
0.519821
0.519116
0.518231
0.517528
0.517146
0.517531
0.517478
0.51765
0.517495
0.51727
0.517512
0.517295
0.517751
0.517345
0.517092
0.516611
0.516806
0.515911
0.515969
0.515992
0.515703
0.515451
0.514848
0.514513
0.514399
