0
0.313953
0.292398
0.246914
0.20059
0.180751
0.169625
0.151986
0.134763
0.119241
0.106152
0.102649
0.0944724
0.0867159
0.0810345
0.0768608
0.0715901
0.0675581
0.0646667
0.0623033
0.0605153
0.0594406
0.0573034
0.056192
0.0546129
0.0531476
0.0521565
0.0509554
0.0499287
0.0492336
0.0479638
0.0466755
0.0460413
0.0454928
0.0448375
0.04423
0.04329
0.0427911
0.0424812
0.0419426
0.0412595
0.0409107
0.0401256
0.0392224
0.0387442
0.0378837
0.037287
0.0366277
0.0360809
0.0356816
0.0356181
0.0361765
0.0356832
0.0354083
0.0353933
0.0354472
0.0352074
0.0350404
0.0348126
0.0345188
0.0349018
0.0345528
0.03431
0.0338355
0.0333577
0.0328853
0.0326087
0.0322054
0.0317096
0.0312642
0.0308725
0.0304636
0.0300654
0.0296774
0.0293118
0.0293932
0.0291121
0.0289825
0.0286585
0.028336
0.0281914
0.0279528
0.027821
0.0275796
0.0272849
0.0269151
0.0266245
0.0266544
0.0263062
0.026226
0.0259786
0.0257496
0.02552
0.0252683
0.025
0.0249364
0.0249074
0.0246749
0.0244628
0.0242147
0.023987
0.0237866
0.0236045
0.0235834
0.0235479
0.0233536
0.0231589
0.0229674
0.0229239
0.0227375
0.0225272
0.0224885
0.022232
0.0222255
0.0221742
0.0220157
0.0218378
0.0216505
0.0216269
0.0215291
0.0217868
0.021615
0.021575
0.0214018
0.0212568
0.0212345
0.0210761
0.0210581
0.0209086
0.0207986
0.0206422
0.0204985
0.0203364
0.0203293
0.0201708
0.0200443
0.0201638
0.0200121
0.0198723
0.0197723
0.0196569
0.0195059
0.019373
0.019224
0.0191282
0.0190936
0.0190748
0.0189278
0.0188042
0.0186968
0.0188091
0.0187009
0.0185898
0.0184942
0.0185971
0.0184825
0.0183891
0.0182731
0.0181664
0.0180857
0.0179697
0.0178833
0.0177773
0.0176744
0.0175745
0.0174811
0.0173798
0.0172884
0.0172899
0.0172086
0.017094
0.0170932
0.0169908
0.0168863
0.0167977
0.016715
0.0166075
0.0166015
0.016507
0.0163981
0.0163196
0.0163429
0.0163493
0.0162857
0.0161928
0.0161113
0.016035
0.015942
0.015853
0.0157748
0.0156905
0.0156056
0.0155244
0.0154535
0.0153887
0.0152977
0.0152223
0.0151424
0.015062
0.0150947
0.0150293
