0.796703
0.794872
0.799642
0.816187
0.824719
0.813208
0.80976
0.809244
0.812005
0.808815
0.813312
0.810651
0.813645
0.813328
0.809543
0.811911
0.810705
0.812081
0.815204
0.815782
0.805945
0.796256
0.790034
0.78527
0.778846
0.772706
0.769813
0.765538
0.759106
0.757114
0.754301
0.750561
0.749637
0.747303
0.745314
0.744318
0.73913
0.735965
0.73486
0.733293
0.726529
0.720781
0.71576
0.709334
0.704223
0.700863
0.695002
0.690757
0.688695
0.684754
0.680839
0.677486
0.674031
0.671301
0.668412
0.665382
0.662771
0.659874
0.656126
0.653777
0.650335
0.646581
0.64194
0.638587
0.635566
0.631771
0.629147
0.625788
0.622477
0.618527
0.613996
0.610637
0.606522
0.603024
0.599503
0.597481
0.594567
0.591886
0.589791
0.587104
0.582793
0.57906
0.574331
0.570415
0.566504
0.562749
0.559062
0.556217
0.552991
0.550248
0.546205
0.544015
0.541057
0.538235
0.535069
0.532597
0.530281
0.527273
0.525605
0.523064
0.51949
0.516199
0.512916
0.50949
0.506861
0.504121
0.500901
0.498355
0.494948
0.491958
0.489009
0.485648
0.482711
0.47997
0.477174
0.474467
0.471779
0.469082
0.466636
0.464504
0.46194
0.459049
0.456362
0.453594
0.451444
0.448928
0.446102
0.444141
0.441386
0.438967
0.436162
0.433611
0.431222
0.429522
0.427334
0.425437
0.423497
0.421688
0.419317
0.417227
0.414609
0.412287
0.409866
0.407501
0.405152
0.402743
0.400542
0.398719
0.396474
0.394218
0.392173
0.390443
0.388077
0.386071
0.384159
0.382313
0.380228
0.378427
0.376441
0.3743
0.372394
0.370437
0.368437
0.366504
0.364446
0.362295
0.360606
0.358883
0.356959
0.354949
0.353389
0.351817
0.350003
0.348247
0.34663
0.345241
0.343612
0.34232
0.340678
0.339259
