0
0.799392
0.808735
0.804196
0.80655
0.802938
0.805102
0.801895
0.800677
0.803071
0.803857
0.803659
0.805049
0.804659
0.807717
0.809306
0.807829
0.802525
0.803344
0.804082
0.802272
0.801851
0.802763
0.798224
0.797906
0.797294
0.795711
0.789538
0.790612
0.789019
0.788446
0.788257
0.788074
0.788158
0.789039
0.790187
0.78953
0.790127
0.791048
0.790374
0.790994
0.790751
0.791023
0.790978
0.791098
0.791704
0.792247
0.792493
0.793151
0.793528
0.79248
0.792845
0.791513
0.791281
0.791217
0.790541
0.790429
0.790478
0.789769
0.789364
0.790169
0.789911
0.790076
0.789779
0.788789
0.784425
0.783394
0.783231
0.781495
0.781617
0.781287
0.781794
0.781772
0.781834
0.781161
0.77825
0.779083
0.778917
0.778842
0.77865
0.778329
0.778921
0.778469
0.778789
0.775085
0.772684
0.768563
0.764518
0.764306
0.764168
0.764343
0.763194
0.762634
0.76137
0.75889
0.75563
0.754004
0.751809
0.751459
0.748875
0.746338
0.745459
0.743762
0.741459
0.738217
0.737314
0.737053
0.736656
0.734808
0.734925
0.735535
0.736082
0.735682
0.733758
0.732922
0.731768
0.730636
0.73076
0.731094
0.730257
0.730195
0.730948
0.731265
0.728899
0.729045
0.726609
0.726283
0.724522
0.722818
0.722947
0.723619
0.723169
0.721777
0.722172
0.721854
0.721145
0.721338
0.719635
0.718767
0.717188
0.714294
0.711704
0.709639
0.70839
0.707408
0.705776
0.706453
0.706807
0.705228
0.705376
0.703679
0.702019
0.70005
0.69844
0.696822
0.694703
0.693126
0.692746
0.692898
0.691194
0.689956
0.69011
0.691018
0.690064
0.688352
0.68659
0.684759
0.683099
0.680955
0.678838
0.676762
0.675253
0.673679
0.672409
0.673091
0.671933
0.671309
0.670368
0.668973
0.667244
0.665825
0.664413
0.664581
0.665219
0.66592
0.665747
0.666407
0.665651
0.665633
0.664813
0.665031
0.664958
0.664633
0.66393
0.662415
0.661591
0.662335
0.662874
0.663208
0.663646
0.662461
